[281,9,3,30]
[282,0,24,34]
[283,9,2,54]
[284,14,18,41]
[285,13,15,51]
[286,10,25,58]
[287,0,15,52]
[288,14,19,48]
[289,12,10,62]
[290,10,19,54]
[291,5,21,29]
[292,0,21,74]
[293,6,7,55]
[294,0,21,73]
[295,1,12,39]
[296,0,22,65]
[297,13,15,59]
[298,5,29,70]
[299,10,11,29]
[300,9,14,48]
[301,4,19,60]
[302,0,11,70]
[303,4,2,48]
[304,10,24,50]
[305,10,11,61]
[306,1,26,45]
[307,1,16,59]
[308,7,13,29]
[309,2,24,72]
[310,14,25,65]
[311,7,6,63]
[312,12,21,25]
[313,14,26,56]
[314,14,13,39]
[315,4,8,41]
[316,6,9,38]
[317,6,10,63]
[318,12,9,46]
[319,1,12,61]
[320,8,11,47]
[321,13,25,33]
[322,13,14,25]
[323,8,20,72]
[324,11,19,54]
[325,1,23,73]
[326,14,6,41]
[327,8,27,52]
[328,1,24,41]
[329,14,18,54]
[330,12,26,46]
[331,12,17,40]
[332,2,7,25]
[333,12,16,44]
[334,10,19,72]
[335,11,5,36]
[336,5,20,72]
[337,13,20,48]
[338,8,28,54]
[339,11,20,41]
[340,2,17,58]
[341,3,29,44]
[342,5,1,41]
[343,5,6,48]
[344,1,8,46]
[345,0,11,53]
[346,6,1,34]
[347,3,22,55]
[348,4,22,52]
[349,5,18,51]
[350,8,5,40]
[351,6,15,40]
[352,13,20,63]
[353,11,17,58]
[354,1,3,27]
[355,9,10,47]
[356,14,16,70]
[357,8,12,61]
[358,13,23,54]
[359,8,5,61]
[360,14,13,67]
[361,14,26,41]
[362,12,1,52]
[363,10,12,48]
[364,13,28,52]
[365,7,30,61]
[366,4,29,38]
[367,9,8,31]
[368,12,28,65]
[369,6,28,69]
[370,9,13,63]
[371,8,4,31]
[372,6,1,41]
[373,8,26,65]
[374,3,16,74]
[375,0,8,43]
[376,13,5,52]
[377,4,14,61]
[378,5,4,50]
[379,6,2,48]
[380,2,27,32]
[381,11,27,65]
[382,14,4,68]
[383,10,27,25]
[384,2,16,71]
[385,14,23,60]
[386,2,29,66]
[387,11,18,32]
[388,4,15,45]
[389,10,21,36]
[390,5,16,44]
[391,12,27,61]
[392,14,26,54]
[393,9,13,52]
[394,0,23,29]
[395,13,22,62]
[396,3,1,42]
[397,12,28,29]
[398,4,2,33]
[399,14,4,46]
[400,2,9,61]
[401,9,13,69]
[402,12,20,26]
[403,11,29,48]
[404,5,29,30]
[405,0,27,73]
[406,9,23,44]
[407,1,20,71]
[408,2,16,44]
[409,10,30,40]
[410,8,9,30]
[411,14,18,25]
[412,0,15,64]
[413,11,3,42]
[414,5,1,63]
[415,12,1,71]
[416,11,10,55]
[417,2,18,56]
[418,5,20,31]
[419,1,22,50]
[420,1,16,31]
[421,2,7,40]
[422,7,23,65]
