[281,1,8,54]
[282,1,7,34]
[283,11,21,42]
[284,10,24,67]
[285,14,3,63]
[286,7,28,58]
[287,9,14,44]
[288,1,2,37]
[289,8,3,47]
[290,2,27,72]
[291,12,28,49]
[292,8,29,48]
[293,4,25,28]
[294,8,27,74]
[295,1,11,66]
[296,1,10,63]
[297,14,5,26]
[298,0,28,69]
[299,2,21,62]
[300,2,23,38]
[301,14,12,35]
[302,10,20,26]
[303,13,2,40]
[304,7,10,67]
[305,1,3,69]
[306,4,4,69]
[307,4,10,25]
[308,10,25,42]
[309,1,5,72]
[310,3,7,57]
[311,8,28,38]
[312,11,23,50]
[313,12,22,51]
[314,14,14,62]
[315,13,7,25]
[316,8,11,30]
[317,12,15,60]
[318,4,2,36]
[319,1,25,70]
[320,3,6,38]
[321,12,29,35]
[322,11,17,38]
[323,13,6,71]
[324,1,21,34]
[325,13,11,32]
[326,13,4,54]
[327,9,23,40]
[328,6,12,43]
[329,12,20,57]
[330,0,16,72]
[331,0,13,53]
[332,6,16,61]
[333,11,14,47]
[334,7,30,29]
[335,8,14,49]
[336,7,27,55]
[337,1,28,39]
[338,8,4,53]
[339,8,24,62]
[340,10,9,67]
[341,10,9,50]
[342,0,22,27]
[343,6,10,71]
[344,10,2,60]
[345,4,17,35]
[346,1,9,44]
[347,8,2,41]
[348,7,10,67]
[349,10,10,30]
[350,10,21,30]
[351,9,23,30]
[352,14,15,42]
[353,4,13,31]
[354,0,24,45]
[355,2,20,41]
[356,10,21,32]
[357,14,14,45]
[358,7,14,47]
[359,4,1,56]
[360,9,26,58]
[361,6,6,50]
[362,12,12,66]
[363,9,1,39]
[364,7,8,42]
[365,14,11,31]
[366,8,6,34]
[367,10,12,29]
[368,12,4,32]
[369,9,1,25]
[370,1,2,42]
[371,4,9,27]
[372,7,21,61]
[373,8,22,43]
[374,7,21,73]
[375,6,21,33]
[376,3,21,40]
[377,4,16,61]
[378,10,5,66]
[379,0,15,46]
[380,5,16,60]
[381,12,20,58]
[382,2,12,50]
[383,10,6,51]
[384,10,5,73]
[385,3,12,33]
[386,6,7,53]
[387,13,11,40]
[388,1,13,65]
[389,8,13,49]
[390,6,3,26]
[391,6,23,25]
[392,6,17,29]
[393,11,27,26]
[394,14,7,32]
[395,8,26,63]
[396,13,24,29]
[397,2,30,41]
[398,4,1,54]
[399,4,24,28]
[400,10,23,63]
[401,1,6,25]
[402,4,13,73]
[403,10,16,39]
[404,13,16,47]
[405,5,24,44]
[406,9,22,40]
[407,10,1,49]
[408,14,6,59]
[409,0,2,65]
[410,13,5,39]
[411,13,28,64]
[412,5,24,26]
[413,13,4,52]
[414,2,9,67]
[415,12,30,72]
[416,8,1,25]
[417,13,18,58]
[418,2,2,33]
[419,14,9,46]
[420,11,30,72]
[421,0,28,60]
[422,9,19,63]
[423,1,17,39]
[424,0,12,39]
[425,14,1,70]
[426,6,9,70]
[427,3,23,50]
[428,1,2,73]
[429,11,8,72]
[430,8,4,53]
[431,7,4,50]
[432,12,14,70]
[433,3,7,59]
[434,4,7,32]
[435,13,21,62]
[436,14,4,72]
[437,6,29,26]
[438,1,16,48]
[439,12,12,25]
[440,1,12,51]
[441,4,20,34]
[442,11,24,69]
[443,7,27,55]
[444,3,8,73]
[445,10,22,65]
[446,9,13,28]
[447,8,19,67]
[448,0,13,64]
[449,0,25,27]
[450,7,18,31]
[451,3,7,70]
[452,10,3,35]
[453,14,17,64]
[454,2,5,71]
[455,10,22,74]
[456,1,16,66]
[457,1,2,47]
[458,8,17,39]
[459,14,17,45]
[460,2,9,62]
[461,8,20,70]
[462,10,30,42]
[463,5,14,29]
[464,4,23,65]
[465,3,19,57]
