[281,9,1,58]
[282,11,20,68]
[283,14,20,69]
[284,1,20,27]
[285,0,17,65]
[286,5,7,47]
[287,5,5,30]
[288,5,27,64]
[289,7,9,73]
[290,9,17,73]
[291,12,18,45]
[292,5,6,66]
[293,8,27,35]
[294,14,13,34]
[295,1,5,33]
[296,13,10,71]
[297,10,7,45]
[298,7,13,31]
[299,8,5,62]
[300,3,6,50]
[301,2,25,59]
[302,14,7,65]
[303,1,30,61]
[304,13,21,26]
[305,0,22,70]
[306,3,5,32]
[307,4,22,48]
[308,1,15,32]
[309,9,8,29]
[310,11,12,44]
[311,13,6,61]
[312,3,20,57]
[313,13,28,29]
[314,4,27,69]
[315,0,27,31]
[316,8,7,57]
[317,10,11,69]
[318,3,19,25]
[319,8,13,62]
[320,2,17,35]
[321,8,15,42]
[322,9,18,52]
[323,2,23,61]
[324,1,5,27]
[325,12,5,65]
[326,8,5,31]
[327,1,30,73]
[328,7,11,61]
[329,12,11,56]
[330,1,13,44]
[331,2,28,48]
[332,6,8,58]
[333,8,2,60]
[334,7,10,44]
[335,1,22,61]
[336,7,1,55]
[337,3,24,37]
[338,9,1,29]
[339,2,20,39]
[340,8,6,71]
[341,14,15,50]
[342,13,22,57]
[343,6,7,30]
[344,13,21,69]
[345,3,8,71]
[346,11,15,43]
[347,1,10,68]
[348,5,4,40]
[349,4,29,59]
[350,13,14,66]
[351,11,29,73]
[352,7,27,46]
[353,1,10,64]
[354,12,8,65]
[355,8,18,52]
[356,4,14,68]
[357,14,23,67]
[358,9,13,53]
[359,4,10,61]
[360,10,8,74]
[361,14,27,62]
[362,2,11,50]
[363,10,27,69]
[364,9,1,59]
[365,14,10,36]
[366,3,6,42]
[367,6,13,54]
[368,4,22,38]
[369,4,19,47]
[370,10,29,47]
[371,6,5,33]
[372,1,29,35]
[373,6,24,33]
[374,6,19,34]
[375,12,25,33]
[376,13,29,30]
[377,12,5,42]
[378,3,16,64]
[379,7,27,62]
[380,4,22,72]
[381,8,21,37]
[382,8,7,55]
[383,3,28,51]
[384,2,26,61]
[385,1,30,25]
[386,1,14,25]
[387,6,18,52]
[388,1,22,47]
[389,10,29,44]
[390,14,10,27]
[391,8,4,49]
[392,7,27,45]
[393,5,23,45]
[394,11,25,42]
[395,12,18,72]
[396,14,11,47]
[397,0,17,34]
[398,12,25,65]
[399,1,12,55]
[400,2,26,27]
[401,10,12,52]
[402,14,19,40]
[403,2,9,52]
[404,9,27,48]
[405,11,9,35]
[406,13,16,25]
[407,12,1,74]
[408,7,5,48]
[409,14,21,40]
[410,12,9,37]
[411,11,11,38]
[412,13,17,59]
[413,3,4,29]
[414,8,5,26]
[415,6,2,36]
[416,14,7,61]
[417,1,5,53]
[418,5,12,37]
[419,11,3,40]
[420,13,7,30]
[421,10,3,60]
[422,11,16,58]
[423,7,27,44]
[424,11,5,38]
[425,12,18,59]
[426,6,2,56]
[427,7,11,50]
[428,1,8,53]
[429,5,19,57]
[430,0,9,44]
[431,2,20,66]
[432,7,8,54]
[433,13,22,70]
[434,7,18,46]
[435,5,8,55]
[436,12,29,59]
[437,3,28,59]
[438,5,6,56]
[439,10,27,27]
[440,9,4,35]
[441,8,7,46]
[442,2,6,73]
[443,3,19,56]
[444,0,3,44]
[445,1,9,41]
[446,11,21,61]
[447,0,16,38]
[448,6,28,54]
[449,13,8,72]
[450,0,24,57]
[451,10,10,65]
[452,9,19,33]
[453,14,7,43]
[454,11,22,66]
[455,10,30,66]
[456,8,18,26]
[457,11,11,33]
[458,4,17,60]
[459,10,7,39]
[460,4,29,52]
[461,2,10,73]
[462,4,26,41]
[463,12,10,37]
[464,1,6,60]
[465,7,23,29]
[466,5,16,29]
