[158,6,17,56]
[159,9,5,27]
[160,8,24,57]
[161,3,6,47]
[162,9,21,58]
[163,3,29,64]
[164,9,25,45]
[165,11,28,52]
[166,2,19,36]
[167,12,5,70]
[168,8,3,29]
[169,11,28,53]
[170,13,13,68]
[171,5,1,73]
[172,14,10,66]
[173,10,5,36]
[174,9,6,71]
[175,5,18,38]
[176,14,27,58]
[177,2,16,43]
[178,9,9,35]
[179,3,5,64]
[180,8,3,37]
[181,13,15,29]
[182,9,22,51]
[183,10,2,25]
[184,1,3,73]
[185,9,15,30]
[186,8,14,36]
[187,8,8,43]
[188,6,10,41]
[189,14,13,65]
[190,10,29,69]
[191,4,19,35]
[192,14,28,36]
[193,2,8,59]
[194,2,2,42]
[195,7,11,56]
[196,14,26,32]
[197,2,5,29]
[198,5,3,48]
[199,1,2,43]
[200,8,5,43]
[201,9,9,43]
[202,10,30,41]
[203,8,17,30]
[204,8,27,71]
[205,10,4,62]
[206,3,19,69]
[207,10,6,73]
[208,2,4,46]
[209,2,5,49]
[210,7,29,25]
[211,2,30,34]
[212,1,10,35]
[213,12,4,54]
[214,14,4,40]
[215,11,29,45]
[216,10,17,25]
[217,4,5,43]
[218,10,7,66]
[219,3,16,62]
[220,12,24,72]
[221,3,11,42]
[222,9,27,31]
[223,6,1,56]
[224,5,1,49]
[225,7,19,29]
[226,5,6,28]
[227,5,25,52]
[228,10,27,60]
[229,11,30,25]
[230,9,28,70]
[231,3,8,63]
[232,5,9,69]
[233,2,22,62]
[234,0,13,44]
[235,2,12,64]
[236,1,2,59]
[237,1,23,25]
[238,5,25,62]
[239,0,7,41]
[240,3,8,40]
[241,5,26,59]
[242,3,2,59]
[243,5,26,53]
[244,7,3,65]
[245,8,5,68]
[246,4,14,30]
[247,13,15,54]
[248,0,6,58]
[249,14,13,36]
[250,13,23,73]
[251,8,29,71]
[252,10,2,44]
[253,11,22,51]
[254,4,21,73]
[255,1,21,40]
[256,10,10,53]
[257,12,23,67]
[258,6,1,64]
[259,9,15,29]
[260,3,28,61]
[261,11,29,59]
[262,14,16,63]
[263,3,27,64]
[264,9,9,57]
[265,10,10,57]
[266,0,27,57]
[267,3,9,41]
[268,12,22,61]
[269,4,9,58]
[270,8,27,45]
[271,4,15,43]
[272,6,30,38]
[273,9,3,67]
[274,10,5,55]
[275,2,15,46]
[276,7,30,33]
[277,14,25,73]
[278,12,22,45]
[279,4,11,33]
[280,9,26,49]
[281,4,16,43]
[282,5,14,62]
[283,5,8,27]
[284,9,25,61]
[285,14,13,67]
[286,13,5,58]
[287,1,11,62]
[288,4,23,25]
[289,14,4,38]
[290,9,20,53]
[291,8,25,58]
[292,7,22,43]
[293,11,12,40]
[294,3,7,45]
[295,6,13,39]
[296,8,11,55]
[297,8,19,27]
[298,10,16,71]
[299,3,22,27]
[300,6,17,26]
[301,4,25,42]
[302,10,24,43]
[303,13,21,45]
[304,1,9,43]
[305,13,8,67]
[306,14,8,38]
[307,4,2,66]
[308,3,4,53]
[309,9,7,65]
[310,11,13,61]
[311,10,10,67]
